	Sel	X	Y	Z	|	Co	S
	0	+	+	+
	1	+	+	+
-------------------------------------------------------------------
	0	0	0	0	|	0	0
	0	0	0	1	|	0	1
	0	0	1	0	|	0	1
	0	0	1	1	|	1	0
	0	1	0	0	|	0	1
	0	1	0	1	|	1	0
	0	1	1	0	|	1	0
	0	1	1	1	|	1	1
	1	0	0	0	|	0	0
	1	0	0	1	|	0	1
	1	0	1	0	|	0	1
	1	0	1	1	|	1	0
	1	1	0	0	|	0	1
	1	1	0	1	|	1	0
	1	1	1	0	|	1	0
	1	1	1	1	|	1	1
##################################################################

	Sel	X	Y	Z	|	Co	S
	0	+	+	+
	1	+	+	-
-------------------------------------------------------------------
	0	0	0	0	|	0	0
	0	0	0	1	|	0	1
	0	0	1	0	|	0	1
	0	0	1	1	|	1	0
	0	1	0	0	|	0	1
	0	1	0	1	|	1	0
	0	1	1	0	|	1	0
	0	1	1	1	|	1	1
	1	0	0	0	|	0	1
	1	0	0	1	|	0	0
	1	0	1	0	|	1	0
	1	0	1	1	|	0	1
	1	1	0	0	|	1	0
	1	1	0	1	|	0	1
	1	1	1	0	|	1	1
	1	1	1	1	|	1	0
##################################################################

	Sel	X	Y	Z	|	Co	S
	0	+	+	+
	1	+	-	+
-------------------------------------------------------------------
	0	0	0	0	|	0	0
	0	0	0	1	|	0	1
	0	0	1	0	|	0	1
	0	0	1	1	|	1	0
	0	1	0	0	|	0	1
	0	1	0	1	|	1	0
	0	1	1	0	|	1	0
	0	1	1	1	|	1	1
	1	0	0	0	|	0	1
	1	0	0	1	|	1	0
	1	0	1	0	|	0	0
	1	0	1	1	|	0	1
	1	1	0	0	|	1	0
	1	1	0	1	|	1	1
	1	1	1	0	|	0	1
	1	1	1	1	|	1	0
##################################################################

	Sel	X	Y	Z	|	Co	S
	0	+	+	+
	1	+	-	-
-------------------------------------------------------------------
	0	0	0	0	|	0	0
	0	0	0	1	|	0	1
	0	0	1	0	|	0	1
	0	0	1	1	|	1	0
	0	1	0	0	|	0	1
	0	1	0	1	|	1	0
	0	1	1	0	|	1	0
	0	1	1	1	|	1	1
	1	0	0	0	|	1	0
	1	0	0	1	|	0	1
	1	0	1	0	|	0	1
	1	0	1	1	|	0	0
	1	1	0	0	|	1	1
	1	1	0	1	|	1	0
	1	1	1	0	|	1	0
	1	1	1	1	|	0	1
##################################################################

	Sel	X	Y	Z	|	Co	S
	0	+	+	+
	1	-	+	+
-------------------------------------------------------------------
	0	0	0	0	|	0	0
	0	0	0	1	|	0	1
	0	0	1	0	|	0	1
	0	0	1	1	|	1	0
	0	1	0	0	|	0	1
	0	1	0	1	|	1	0
	0	1	1	0	|	1	0
	0	1	1	1	|	1	1
	1	0	0	0	|	0	1
	1	0	0	1	|	1	0
	1	0	1	0	|	1	0
	1	0	1	1	|	1	1
	1	1	0	0	|	0	0
	1	1	0	1	|	0	1
	1	1	1	0	|	0	1
	1	1	1	1	|	1	0
##################################################################

	Sel	X	Y	Z	|	Co	S
	0	+	+	+
	1	-	+	-
-------------------------------------------------------------------
	0	0	0	0	|	0	0
	0	0	0	1	|	0	1
	0	0	1	0	|	0	1
	0	0	1	1	|	1	0
	0	1	0	0	|	0	1
	0	1	0	1	|	1	0
	0	1	1	0	|	1	0
	0	1	1	1	|	1	1
	1	0	0	0	|	1	0
	1	0	0	1	|	0	1
	1	0	1	0	|	1	1
	1	0	1	1	|	1	0
	1	1	0	0	|	0	1
	1	1	0	1	|	0	0
	1	1	1	0	|	1	0
	1	1	1	1	|	0	1
##################################################################

	Sel	X	Y	Z	|	Co	S
	0	+	+	+
	1	-	-	+
-------------------------------------------------------------------
	0	0	0	0	|	0	0
	0	0	0	1	|	0	1
	0	0	1	0	|	0	1
	0	0	1	1	|	1	0
	0	1	0	0	|	0	1
	0	1	0	1	|	1	0
	0	1	1	0	|	1	0
	0	1	1	1	|	1	1
	1	0	0	0	|	1	0
	1	0	0	1	|	1	1
	1	0	1	0	|	0	1
	1	0	1	1	|	1	0
	1	1	0	0	|	0	1
	1	1	0	1	|	1	0
	1	1	1	0	|	0	0
	1	1	1	1	|	0	1
##################################################################

	Sel	X	Y	Z	|	Co	S
	0	+	+	+
	1	-	-	-
-------------------------------------------------------------------
	0	0	0	0	|	0	0
	0	0	0	1	|	0	1
	0	0	1	0	|	0	1
	0	0	1	1	|	1	0
	0	1	0	0	|	0	1
	0	1	0	1	|	1	0
	0	1	1	0	|	1	0
	0	1	1	1	|	1	1
	1	0	0	0	|	1	1
	1	0	0	1	|	1	0
	1	0	1	0	|	1	0
	1	0	1	1	|	0	1
	1	1	0	0	|	1	0
	1	1	0	1	|	0	1
	1	1	1	0	|	0	1
	1	1	1	1	|	0	0
##################################################################

	Sel	X	Y	Z	|	Co	S
	0	+	+	-
	1	+	+	-
-------------------------------------------------------------------
	0	0	0	0	|	0	1
	0	0	0	1	|	0	0
	0	0	1	0	|	1	0
	0	0	1	1	|	0	1
	0	1	0	0	|	1	0
	0	1	0	1	|	0	1
	0	1	1	0	|	1	1
	0	1	1	1	|	1	0
	1	0	0	0	|	0	1
	1	0	0	1	|	0	0
	1	0	1	0	|	1	0
	1	0	1	1	|	0	1
	1	1	0	0	|	1	0
	1	1	0	1	|	0	1
	1	1	1	0	|	1	1
	1	1	1	1	|	1	0
##################################################################

	Sel	X	Y	Z	|	Co	S
	0	+	+	-
	1	+	-	+
-------------------------------------------------------------------
	0	0	0	0	|	0	1
	0	0	0	1	|	0	0
	0	0	1	0	|	1	0
	0	0	1	1	|	0	1
	0	1	0	0	|	1	0
	0	1	0	1	|	0	1
	0	1	1	0	|	1	1
	0	1	1	1	|	1	0
	1	0	0	0	|	0	1
	1	0	0	1	|	1	0
	1	0	1	0	|	0	0
	1	0	1	1	|	0	1
	1	1	0	0	|	1	0
	1	1	0	1	|	1	1
	1	1	1	0	|	0	1
	1	1	1	1	|	1	0
##################################################################

	Sel	X	Y	Z	|	Co	S
	0	+	+	-
	1	+	-	-
-------------------------------------------------------------------
	0	0	0	0	|	0	1
	0	0	0	1	|	0	0
	0	0	1	0	|	1	0
	0	0	1	1	|	0	1
	0	1	0	0	|	1	0
	0	1	0	1	|	0	1
	0	1	1	0	|	1	1
	0	1	1	1	|	1	0
	1	0	0	0	|	1	0
	1	0	0	1	|	0	1
	1	0	1	0	|	0	1
	1	0	1	1	|	0	0
	1	1	0	0	|	1	1
	1	1	0	1	|	1	0
	1	1	1	0	|	1	0
	1	1	1	1	|	0	1
##################################################################

	Sel	X	Y	Z	|	Co	S
	0	+	+	-
	1	-	+	+
-------------------------------------------------------------------
	0	0	0	0	|	0	1
	0	0	0	1	|	0	0
	0	0	1	0	|	1	0
	0	0	1	1	|	0	1
	0	1	0	0	|	1	0
	0	1	0	1	|	0	1
	0	1	1	0	|	1	1
	0	1	1	1	|	1	0
	1	0	0	0	|	0	1
	1	0	0	1	|	1	0
	1	0	1	0	|	1	0
	1	0	1	1	|	1	1
	1	1	0	0	|	0	0
	1	1	0	1	|	0	1
	1	1	1	0	|	0	1
	1	1	1	1	|	1	0
##################################################################

	Sel	X	Y	Z	|	Co	S
	0	+	+	-
	1	-	+	-
-------------------------------------------------------------------
	0	0	0	0	|	0	1
	0	0	0	1	|	0	0
	0	0	1	0	|	1	0
	0	0	1	1	|	0	1
	0	1	0	0	|	1	0
	0	1	0	1	|	0	1
	0	1	1	0	|	1	1
	0	1	1	1	|	1	0
	1	0	0	0	|	1	0
	1	0	0	1	|	0	1
	1	0	1	0	|	1	1
	1	0	1	1	|	1	0
	1	1	0	0	|	0	1
	1	1	0	1	|	0	0
	1	1	1	0	|	1	0
	1	1	1	1	|	0	1
##################################################################

	Sel	X	Y	Z	|	Co	S
	0	+	+	-
	1	-	-	+
-------------------------------------------------------------------
	0	0	0	0	|	0	1
	0	0	0	1	|	0	0
	0	0	1	0	|	1	0
	0	0	1	1	|	0	1
	0	1	0	0	|	1	0
	0	1	0	1	|	0	1
	0	1	1	0	|	1	1
	0	1	1	1	|	1	0
	1	0	0	0	|	1	0
	1	0	0	1	|	1	1
	1	0	1	0	|	0	1
	1	0	1	1	|	1	0
	1	1	0	0	|	0	1
	1	1	0	1	|	1	0
	1	1	1	0	|	0	0
	1	1	1	1	|	0	1
##################################################################

	Sel	X	Y	Z	|	Co	S
	0	+	+	-
	1	-	-	-
-------------------------------------------------------------------
	0	0	0	0	|	0	1
	0	0	0	1	|	0	0
	0	0	1	0	|	1	0
	0	0	1	1	|	0	1
	0	1	0	0	|	1	0
	0	1	0	1	|	0	1
	0	1	1	0	|	1	1
	0	1	1	1	|	1	0
	1	0	0	0	|	1	1
	1	0	0	1	|	1	0
	1	0	1	0	|	1	0
	1	0	1	1	|	0	1
	1	1	0	0	|	1	0
	1	1	0	1	|	0	1
	1	1	1	0	|	0	1
	1	1	1	1	|	0	0
##################################################################

	Sel	X	Y	Z	|	Co	S
	0	+	-	+
	1	+	-	+
-------------------------------------------------------------------
	0	0	0	0	|	0	1
	0	0	0	1	|	1	0
	0	0	1	0	|	0	0
	0	0	1	1	|	0	1
	0	1	0	0	|	1	0
	0	1	0	1	|	1	1
	0	1	1	0	|	0	1
	0	1	1	1	|	1	0
	1	0	0	0	|	0	1
	1	0	0	1	|	1	0
	1	0	1	0	|	0	0
	1	0	1	1	|	0	1
	1	1	0	0	|	1	0
	1	1	0	1	|	1	1
	1	1	1	0	|	0	1
	1	1	1	1	|	1	0
##################################################################

	Sel	X	Y	Z	|	Co	S
	0	+	-	+
	1	+	-	-
-------------------------------------------------------------------
	0	0	0	0	|	0	1
	0	0	0	1	|	1	0
	0	0	1	0	|	0	0
	0	0	1	1	|	0	1
	0	1	0	0	|	1	0
	0	1	0	1	|	1	1
	0	1	1	0	|	0	1
	0	1	1	1	|	1	0
	1	0	0	0	|	1	0
	1	0	0	1	|	0	1
	1	0	1	0	|	0	1
	1	0	1	1	|	0	0
	1	1	0	0	|	1	1
	1	1	0	1	|	1	0
	1	1	1	0	|	1	0
	1	1	1	1	|	0	1
##################################################################

	Sel	X	Y	Z	|	Co	S
	0	+	-	+
	1	-	+	+
-------------------------------------------------------------------
	0	0	0	0	|	0	1
	0	0	0	1	|	1	0
	0	0	1	0	|	0	0
	0	0	1	1	|	0	1
	0	1	0	0	|	1	0
	0	1	0	1	|	1	1
	0	1	1	0	|	0	1
	0	1	1	1	|	1	0
	1	0	0	0	|	0	1
	1	0	0	1	|	1	0
	1	0	1	0	|	1	0
	1	0	1	1	|	1	1
	1	1	0	0	|	0	0
	1	1	0	1	|	0	1
	1	1	1	0	|	0	1
	1	1	1	1	|	1	0
##################################################################

	Sel	X	Y	Z	|	Co	S
	0	+	-	+
	1	-	+	-
-------------------------------------------------------------------
	0	0	0	0	|	0	1
	0	0	0	1	|	1	0
	0	0	1	0	|	0	0
	0	0	1	1	|	0	1
	0	1	0	0	|	1	0
	0	1	0	1	|	1	1
	0	1	1	0	|	0	1
	0	1	1	1	|	1	0
	1	0	0	0	|	1	0
	1	0	0	1	|	0	1
	1	0	1	0	|	1	1
	1	0	1	1	|	1	0
	1	1	0	0	|	0	1
	1	1	0	1	|	0	0
	1	1	1	0	|	1	0
	1	1	1	1	|	0	1
##################################################################

	Sel	X	Y	Z	|	Co	S
	0	+	-	+
	1	-	-	+
-------------------------------------------------------------------
	0	0	0	0	|	0	1
	0	0	0	1	|	1	0
	0	0	1	0	|	0	0
	0	0	1	1	|	0	1
	0	1	0	0	|	1	0
	0	1	0	1	|	1	1
	0	1	1	0	|	0	1
	0	1	1	1	|	1	0
	1	0	0	0	|	1	0
	1	0	0	1	|	1	1
	1	0	1	0	|	0	1
	1	0	1	1	|	1	0
	1	1	0	0	|	0	1
	1	1	0	1	|	1	0
	1	1	1	0	|	0	0
	1	1	1	1	|	0	1
##################################################################

	Sel	X	Y	Z	|	Co	S
	0	+	-	+
	1	-	-	-
-------------------------------------------------------------------
	0	0	0	0	|	0	1
	0	0	0	1	|	1	0
	0	0	1	0	|	0	0
	0	0	1	1	|	0	1
	0	1	0	0	|	1	0
	0	1	0	1	|	1	1
	0	1	1	0	|	0	1
	0	1	1	1	|	1	0
	1	0	0	0	|	1	1
	1	0	0	1	|	1	0
	1	0	1	0	|	1	0
	1	0	1	1	|	0	1
	1	1	0	0	|	1	0
	1	1	0	1	|	0	1
	1	1	1	0	|	0	1
	1	1	1	1	|	0	0
##################################################################

	Sel	X	Y	Z	|	Co	S
	0	+	-	-
	1	+	-	-
-------------------------------------------------------------------
	0	0	0	0	|	1	0
	0	0	0	1	|	0	1
	0	0	1	0	|	0	1
	0	0	1	1	|	0	0
	0	1	0	0	|	1	1
	0	1	0	1	|	1	0
	0	1	1	0	|	1	0
	0	1	1	1	|	0	1
	1	0	0	0	|	1	0
	1	0	0	1	|	0	1
	1	0	1	0	|	0	1
	1	0	1	1	|	0	0
	1	1	0	0	|	1	1
	1	1	0	1	|	1	0
	1	1	1	0	|	1	0
	1	1	1	1	|	0	1
##################################################################

	Sel	X	Y	Z	|	Co	S
	0	+	-	-
	1	-	+	+
-------------------------------------------------------------------
	0	0	0	0	|	1	0
	0	0	0	1	|	0	1
	0	0	1	0	|	0	1
	0	0	1	1	|	0	0
	0	1	0	0	|	1	1
	0	1	0	1	|	1	0
	0	1	1	0	|	1	0
	0	1	1	1	|	0	1
	1	0	0	0	|	0	1
	1	0	0	1	|	1	0
	1	0	1	0	|	1	0
	1	0	1	1	|	1	1
	1	1	0	0	|	0	0
	1	1	0	1	|	0	1
	1	1	1	0	|	0	1
	1	1	1	1	|	1	0
##################################################################

	Sel	X	Y	Z	|	Co	S
	0	+	-	-
	1	-	+	-
-------------------------------------------------------------------
	0	0	0	0	|	1	0
	0	0	0	1	|	0	1
	0	0	1	0	|	0	1
	0	0	1	1	|	0	0
	0	1	0	0	|	1	1
	0	1	0	1	|	1	0
	0	1	1	0	|	1	0
	0	1	1	1	|	0	1
	1	0	0	0	|	1	0
	1	0	0	1	|	0	1
	1	0	1	0	|	1	1
	1	0	1	1	|	1	0
	1	1	0	0	|	0	1
	1	1	0	1	|	0	0
	1	1	1	0	|	1	0
	1	1	1	1	|	0	1
##################################################################

	Sel	X	Y	Z	|	Co	S
	0	+	-	-
	1	-	-	+
-------------------------------------------------------------------
	0	0	0	0	|	1	0
	0	0	0	1	|	0	1
	0	0	1	0	|	0	1
	0	0	1	1	|	0	0
	0	1	0	0	|	1	1
	0	1	0	1	|	1	0
	0	1	1	0	|	1	0
	0	1	1	1	|	0	1
	1	0	0	0	|	1	0
	1	0	0	1	|	1	1
	1	0	1	0	|	0	1
	1	0	1	1	|	1	0
	1	1	0	0	|	0	1
	1	1	0	1	|	1	0
	1	1	1	0	|	0	0
	1	1	1	1	|	0	1
##################################################################

	Sel	X	Y	Z	|	Co	S
	0	+	-	-
	1	-	-	-
-------------------------------------------------------------------
	0	0	0	0	|	1	0
	0	0	0	1	|	0	1
	0	0	1	0	|	0	1
	0	0	1	1	|	0	0
	0	1	0	0	|	1	1
	0	1	0	1	|	1	0
	0	1	1	0	|	1	0
	0	1	1	1	|	0	1
	1	0	0	0	|	1	1
	1	0	0	1	|	1	0
	1	0	1	0	|	1	0
	1	0	1	1	|	0	1
	1	1	0	0	|	1	0
	1	1	0	1	|	0	1
	1	1	1	0	|	0	1
	1	1	1	1	|	0	0
##################################################################

	Sel	X	Y	Z	|	Co	S
	0	-	+	+
	1	-	+	+
-------------------------------------------------------------------
	0	0	0	0	|	0	1
	0	0	0	1	|	1	0
	0	0	1	0	|	1	0
	0	0	1	1	|	1	1
	0	1	0	0	|	0	0
	0	1	0	1	|	0	1
	0	1	1	0	|	0	1
	0	1	1	1	|	1	0
	1	0	0	0	|	0	1
	1	0	0	1	|	1	0
	1	0	1	0	|	1	0
	1	0	1	1	|	1	1
	1	1	0	0	|	0	0
	1	1	0	1	|	0	1
	1	1	1	0	|	0	1
	1	1	1	1	|	1	0
##################################################################

	Sel	X	Y	Z	|	Co	S
	0	-	+	+
	1	-	+	-
-------------------------------------------------------------------
	0	0	0	0	|	0	1
	0	0	0	1	|	1	0
	0	0	1	0	|	1	0
	0	0	1	1	|	1	1
	0	1	0	0	|	0	0
	0	1	0	1	|	0	1
	0	1	1	0	|	0	1
	0	1	1	1	|	1	0
	1	0	0	0	|	1	0
	1	0	0	1	|	0	1
	1	0	1	0	|	1	1
	1	0	1	1	|	1	0
	1	1	0	0	|	0	1
	1	1	0	1	|	0	0
	1	1	1	0	|	1	0
	1	1	1	1	|	0	1
##################################################################

	Sel	X	Y	Z	|	Co	S
	0	-	+	+
	1	-	-	+
-------------------------------------------------------------------
	0	0	0	0	|	0	1
	0	0	0	1	|	1	0
	0	0	1	0	|	1	0
	0	0	1	1	|	1	1
	0	1	0	0	|	0	0
	0	1	0	1	|	0	1
	0	1	1	0	|	0	1
	0	1	1	1	|	1	0
	1	0	0	0	|	1	0
	1	0	0	1	|	1	1
	1	0	1	0	|	0	1
	1	0	1	1	|	1	0
	1	1	0	0	|	0	1
	1	1	0	1	|	1	0
	1	1	1	0	|	0	0
	1	1	1	1	|	0	1
##################################################################

	Sel	X	Y	Z	|	Co	S
	0	-	+	+
	1	-	-	-
-------------------------------------------------------------------
	0	0	0	0	|	0	1
	0	0	0	1	|	1	0
	0	0	1	0	|	1	0
	0	0	1	1	|	1	1
	0	1	0	0	|	0	0
	0	1	0	1	|	0	1
	0	1	1	0	|	0	1
	0	1	1	1	|	1	0
	1	0	0	0	|	1	1
	1	0	0	1	|	1	0
	1	0	1	0	|	1	0
	1	0	1	1	|	0	1
	1	1	0	0	|	1	0
	1	1	0	1	|	0	1
	1	1	1	0	|	0	1
	1	1	1	1	|	0	0
##################################################################

	Sel	X	Y	Z	|	Co	S
	0	-	+	-
	1	-	+	-
-------------------------------------------------------------------
	0	0	0	0	|	1	0
	0	0	0	1	|	0	1
	0	0	1	0	|	1	1
	0	0	1	1	|	1	0
	0	1	0	0	|	0	1
	0	1	0	1	|	0	0
	0	1	1	0	|	1	0
	0	1	1	1	|	0	1
	1	0	0	0	|	1	0
	1	0	0	1	|	0	1
	1	0	1	0	|	1	1
	1	0	1	1	|	1	0
	1	1	0	0	|	0	1
	1	1	0	1	|	0	0
	1	1	1	0	|	1	0
	1	1	1	1	|	0	1
##################################################################

	Sel	X	Y	Z	|	Co	S
	0	-	+	-
	1	-	-	+
-------------------------------------------------------------------
	0	0	0	0	|	1	0
	0	0	0	1	|	0	1
	0	0	1	0	|	1	1
	0	0	1	1	|	1	0
	0	1	0	0	|	0	1
	0	1	0	1	|	0	0
	0	1	1	0	|	1	0
	0	1	1	1	|	0	1
	1	0	0	0	|	1	0
	1	0	0	1	|	1	1
	1	0	1	0	|	0	1
	1	0	1	1	|	1	0
	1	1	0	0	|	0	1
	1	1	0	1	|	1	0
	1	1	1	0	|	0	0
	1	1	1	1	|	0	1
##################################################################

	Sel	X	Y	Z	|	Co	S
	0	-	+	-
	1	-	-	-
-------------------------------------------------------------------
	0	0	0	0	|	1	0
	0	0	0	1	|	0	1
	0	0	1	0	|	1	1
	0	0	1	1	|	1	0
	0	1	0	0	|	0	1
	0	1	0	1	|	0	0
	0	1	1	0	|	1	0
	0	1	1	1	|	0	1
	1	0	0	0	|	1	1
	1	0	0	1	|	1	0
	1	0	1	0	|	1	0
	1	0	1	1	|	0	1
	1	1	0	0	|	1	0
	1	1	0	1	|	0	1
	1	1	1	0	|	0	1
	1	1	1	1	|	0	0
##################################################################

	Sel	X	Y	Z	|	Co	S
	0	-	-	+
	1	-	-	+
-------------------------------------------------------------------
	0	0	0	0	|	1	0
	0	0	0	1	|	1	1
	0	0	1	0	|	0	1
	0	0	1	1	|	1	0
	0	1	0	0	|	0	1
	0	1	0	1	|	1	0
	0	1	1	0	|	0	0
	0	1	1	1	|	0	1
	1	0	0	0	|	1	0
	1	0	0	1	|	1	1
	1	0	1	0	|	0	1
	1	0	1	1	|	1	0
	1	1	0	0	|	0	1
	1	1	0	1	|	1	0
	1	1	1	0	|	0	0
	1	1	1	1	|	0	1
##################################################################

	Sel	X	Y	Z	|	Co	S
	0	-	-	+
	1	-	-	-
-------------------------------------------------------------------
	0	0	0	0	|	1	0
	0	0	0	1	|	1	1
	0	0	1	0	|	0	1
	0	0	1	1	|	1	0
	0	1	0	0	|	0	1
	0	1	0	1	|	1	0
	0	1	1	0	|	0	0
	0	1	1	1	|	0	1
	1	0	0	0	|	1	1
	1	0	0	1	|	1	0
	1	0	1	0	|	1	0
	1	0	1	1	|	0	1
	1	1	0	0	|	1	0
	1	1	0	1	|	0	1
	1	1	1	0	|	0	1
	1	1	1	1	|	0	0
##################################################################

	Sel	X	Y	Z	|	Co	S
	0	-	-	-
	1	-	-	-
-------------------------------------------------------------------
	0	0	0	0	|	1	1
	0	0	0	1	|	1	0
	0	0	1	0	|	1	0
	0	0	1	1	|	0	1
	0	1	0	0	|	1	0
	0	1	0	1	|	0	1
	0	1	1	0	|	0	1
	0	1	1	1	|	0	0
	1	0	0	0	|	1	1
	1	0	0	1	|	1	0
	1	0	1	0	|	1	0
	1	0	1	1	|	0	1
	1	1	0	0	|	1	0
	1	1	0	1	|	0	1
	1	1	1	0	|	0	1
	1	1	1	1	|	0	0
##################################################################

--> TYPE_0
Sel0:	+ X + Y + Z
Sel1:	+ X + Y + Z
Carry:	0x0000e8e8
Sum:	0x00009696

Sel0:	+ X + Y + Z
Sel1:	+ X + Y - Z
Carry:	0x0000d4e8
Sum:	0x00006996

Sel0:	+ X + Y + Z
Sel1:	+ X - Y + Z
Carry:	0x0000b2e8
Sum:	0x00006996

Sel0:	+ X + Y + Z
Sel1:	+ X - Y - Z
Carry:	0x000071e8
Sum:	0x00009696

Sel0:	+ X + Y + Z
Sel1:	- X + Y + Z
Carry:	0x00008ee8
Sum:	0x00006996

Sel0:	+ X + Y + Z
Sel1:	- X + Y - Z
Carry:	0x00004de8
Sum:	0x00009696

Sel0:	+ X + Y + Z
Sel1:	- X - Y + Z
Carry:	0x00002be8
Sum:	0x00009696

Sel0:	+ X + Y + Z
Sel1:	- X - Y - Z
Carry:	0x000017e8
Sum:	0x00006996

--> TYPE_1
Sel0:	+ X + Y - Z
Sel1:	+ X + Y - Z
Carry:	0x0000d4d4
Sum:	0x00006969

Sel0:	+ X + Y - Z
Sel1:	+ X - Y + Z
Carry:	0x0000b2d4
Sum:	0x00006969

Sel0:	+ X + Y - Z
Sel1:	+ X - Y - Z
Carry:	0x000071d4
Sum:	0x00009669

Sel0:	+ X + Y - Z
Sel1:	- X + Y + Z
Carry:	0x00008ed4
Sum:	0x00006969

Sel0:	+ X + Y - Z
Sel1:	- X + Y - Z
Carry:	0x00004dd4
Sum:	0x00009669

Sel0:	+ X + Y - Z
Sel1:	- X - Y + Z
Carry:	0x00002bd4
Sum:	0x00009669

Sel0:	+ X + Y - Z
Sel1:	- X - Y - Z
Carry:	0x000017d4
Sum:	0x00006969

--> ???
Sel0:	+ X - Y + Z
Sel1:	+ X - Y + Z
Carry:	0x0000b2b2
Sum:	0x00006969

Sel0:	+ X - Y + Z
Sel1:	+ X - Y - Z
Carry:	0x000071b2
Sum:	0x00009669

Sel0:	+ X - Y + Z
Sel1:	- X + Y + Z
Carry:	0x00008eb2
Sum:	0x00006969

Sel0:	+ X - Y + Z
Sel1:	- X + Y - Z
Carry:	0x00004db2
Sum:	0x00009669

Sel0:	+ X - Y + Z
Sel1:	- X - Y + Z
Carry:	0x00002bb2
Sum:	0x00009669

Sel0:	+ X - Y + Z
Sel1:	- X - Y - Z
Carry:	0x000017b2
Sum:	0x00006969

Sel0:	+ X - Y - Z
Sel1:	+ X - Y - Z
Carry:	0x00007171
Sum:	0x00009696

Sel0:	+ X - Y - Z
Sel1:	- X + Y + Z
Carry:	0x00008e71
Sum:	0x00006996

Sel0:	+ X - Y - Z
Sel1:	- X + Y - Z
Carry:	0x00004d71
Sum:	0x00009696

Sel0:	+ X - Y - Z
Sel1:	- X - Y + Z
Carry:	0x00002b71
Sum:	0x00009696

Sel0:	+ X - Y - Z
Sel1:	- X - Y - Z
Carry:	0x00001771
Sum:	0x00006996

Sel0:	- X + Y + Z
Sel1:	- X + Y + Z
Carry:	0x00008e8e
Sum:	0x00006969

Sel0:	- X + Y + Z
Sel1:	- X + Y - Z
Carry:	0x00004d8e
Sum:	0x00009669

Sel0:	- X + Y + Z
Sel1:	- X - Y + Z
Carry:	0x00002b8e
Sum:	0x00009669

Sel0:	- X + Y + Z
Sel1:	- X - Y - Z
Carry:	0x0000178e
Sum:	0x00006969

Sel0:	- X + Y - Z
Sel1:	- X + Y - Z
Carry:	0x00004d4d
Sum:	0x00009696

Sel0:	- X + Y - Z
Sel1:	- X - Y + Z
Carry:	0x00002b4d
Sum:	0x00009696

Sel0:	- X + Y - Z
Sel1:	- X - Y - Z
Carry:	0x0000174d
Sum:	0x00006996

Sel0:	- X - Y + Z
Sel1:	- X - Y + Z
Carry:	0x00002b2b
Sum:	0x00009696

Sel0:	- X - Y + Z
Sel1:	- X - Y - Z
Carry:	0x0000172b
Sum:	0x00006996

Sel0:	- X - Y - Z
Sel1:	- X - Y - Z
Carry:	0x00001717
Sum:	0x00006969

