testing filter MIRZAEI10_6
coefficients=7567  20406  32768  32768  20406   7567
MIRZAEI10_6          &   7 &   3 &  10 & 181 & 5.00\\
testing filter MIRZAEI10_10
coefficients=2020   6589  15718  25602  32768  32768  25602  15718   6589   2020
MIRZAEI10_10         &  10 &   2 &  12 & 234 & 12.11\\
testing filter MIRZAEI10_13
coefficients=259   1548   5206  12097  21272  29454  32768  29454  21272  12097   5206   1548    259
MIRZAEI10_13         &  14 &   3 &  17 & 323 & 40.48\\
testing filter MIRZAEI10_20
coefficients=0      6     60    343   1374   4124   9624  17873  26810  32768  32768  26810  17873   9624   4124   1374    343     60      6      0
MIRZAEI10_20         &  14 &   5 &  19 & 355 & 69.18\\
testing filter MIRZAEI10_28
coefficients=594    175  -2472  -4154  -1184   2209   -122  -3176    831   4443  -2572  -7504   8682  32768  32768   8682  -7504  -2572   4443    831  -3176   -122   2209  -1184  -4154  -2472    175    594
MIRZAEI10_28         &  20 &   3 &  23 & 450 & 195.26\\
testing filter MIRZAEI10_41
coefficients=157    100   -264   -147    430    135   -666    -31    960   -217  -1298    675   1648  -1463  -1977   2841   2245  -5779  -2422  19057  32768  19057  -2422  -5779   2245   2841  -1977  -1463   1648    675  -1298   -217    960    -31   -666    135    430   -147   -264    100    157
MIRZAEI10_41         &  30 &   3 &  33 & 628 & 510.97\\
testing filter MIRZAEI10_61
coefficients=434    270   -573    -83    655   -155   -663    417    575   -679   -386    903     91  -1055    298   1091   -763   -975   1274    660  -1800    -97   2298   -817  -2736   2322   3075  -5348  -3292  18414  32768  18414  -3292  -5348   3075   2322  -2736   -817   2298    -97  -1800    660   1274   -975   -763   1091    298  -1055     91    903   -386   -679    575    417   -663   -155    655    -83   -573    270    434
MIRZAEI10_61         &  41 &   3 &  44 & 877 & 1018.14\\
testing filter MIRZAEI10_119
coefficients=-542  -1589  -1577   -244    763    148   -530    -31    436    -95   -354    198    265   -287   -156    342     28   -363    108    337   -244   -265    359    144   -440     12    467   -192   -432    372    326   -532   -154    640    -77   -675    344    613   -621   -446    867    165  -1045    219   1109   -693  -1021   1220    728  -1768   -173   2297   -738  -2761   2253   3125  -5292  -3357  18355  32768  18355  -3357  -5292   3125   2253  -2761   -738   2297   -173  -1768    728   1220  -1021   -693   1109    219  -1045    165    867   -446   -621    613    344   -675    -77    640   -154   -532    326    372   -432   -192    467     12   -440    144    359   -265   -244    337    108   -363     28    342   -156   -287    265    198   -354    -95    436    -31   -530    148    763   -244  -1577  -1589   -542
MIRZAEI10_119        &  61 &   9 &  70 & xxx & 5285.67\\
testing filter MIRZAEI10_151
coefficients=-158   -805  -1797  -2222  -1261    407   1063    181   -735   -358    508    397   -369   -394    285    376   -238   -361    211    347   -199   -338    194    328   -200   -324    210    323   -226   -326    242    327   -265   -331    291    336   -320   -343    351    346   -392   -355    432    361   -479   -368    535    377   -595   -383    666    390   -747   -397    843    402   -958   -410   1096    413  -1271   -420   1494    423  -1795   -427   2224    430  -2892   -433   4081    434  -6840   -436  20576  32768  20576   -436  -6840    434   4081   -433  -2892    430   2224   -427  -1795    423   1494   -420  -1271    413   1096   -410   -958    402    843   -397   -747    390    666   -383   -595    377    535   -368   -479    361    432   -355   -392    346    351   -343   -320    336    291   -331   -265    327    242   -326   -226    323    210   -324   -200    328    194   -338   -199    347    211   -361   -238    376    285   -394   -369    397    508   -358   -735    181   1063    407  -1261  -2222  -1797   -805   -158
MIRZAEI10_151        &  78 &   7 &  85 & xxx & 5373.67\\
 
*** optimization results for model hl_fpga ***
inst & filter & registered add/sub ops & pure registers & registered ops & FPGA ll costs & comp. time
1 & MIRZAEI10_6 &  & 7 & 3 & 10 & 181 & 5.00
2 & MIRZAEI10_10 &  & 10 & 2 & 12 & 234 & 12.11
3 & MIRZAEI10_13 &  & 14 & 3 & 17 & 323 & 40.48
4 & MIRZAEI10_20 &  & 14 & 5 & 19 & 355 & 69.18
5 & MIRZAEI10_28 &  & 20 & 3 & 23 & 450 & 195.26
6 & MIRZAEI10_41 &  & 30 & 3 & 33 & 628 & 510.97
7 & MIRZAEI10_61 &  & 41 & 3 & 44 & 877 & 1018.14
8 & MIRZAEI10_119 &  & 61 & 9 & 70 & 1374 & 5285.67
9 & MIRZAEI10_151 &  & 78 & 7 & 85 & 1678 & 5373.67
 
*** solutions: ***
solution{'1'}={[1 5 31 63],[1 473 2011],[1 7567 10203]};
solution{'2'}={[1 3 127],[99 129 253 507],[1 505 6589 7859 12801]};
solution{'3'}={[1 3 5 7],[1 75 79 131 189 2041],[1 259 387 2603 2659 12097 14727]};
solution{'4'}={[1 3 5 7 15],[1 43 515 1915 2553],[1 3 15 343 687 1031 1203 13405 17873]};
solution{'5'}={[1 5 129],[1 13 41 67 69 4133],[1 37 61 175 297 309 397 469 643 831 2077 2209 4341 4443]};
solution{'6'}={[1 3 5 7],[1 23 27 37 45 71 91 113],[1 15 25 31 33 103 135 147 157 215 217 333 649 675 1211 1463 1977 2245 2841 5779 19057]};
solution{'7'}={[1 5 7 15 127],[1 3 9 31 95 167 967 1151],[1 83 91 97 135 149 155 165 171 193 217 225 417 573 575 637 655 663 679 763 817 823 903 975 1055 1091 1149 1161 1337 3075 9207]};
solution{'8'}={[3 5 15 257],[1 3 9 27 35 43 45 53 77 175 197 2041],[1 3 5 7 9 27 31 37 39 43 55 61 77 91 93 95 99 109 133 163 165 171 173 177 219 221 223 265 271 287 305 337 359 363 369 467 613 621 675 693 763 867 1021 1045 1109 1323 1577 1589 2253 2297 2761 3125 3357 18355]};
solution{'9'}={[1 3 5 7 9],[1 15 41 49 51 187 201 315 453],[1 5 21 23 25 27 41 47 49 79 81 97 105 109 113 119 121 127 137 139 163 169 173 179 181 195 197 199 201 205 211 215 217 265 285 291 323 327 331 333 343 347 351 355 361 369 377 383 397 407 413 423 427 433 479 535 595 643 723 735 747 805 843 855 1063 1111 1261 1271 1795 1797 4081]};
avg.: & 30.56 & 4.22 & 34.78 & 677.7778 & 1390.05
 
best FPGA hl solutions:
rpag_solution_hl_fpga('MIRZAEI10_6')={[1 5 31 63],[1 473 2011],[1 7567 10203]};
rpag_solution_hl_fpga('MIRZAEI10_10')={[1 3 127],[99 129 253 507],[1 505 6589 7859 12801]};
rpag_solution_hl_fpga('MIRZAEI10_13')={[1 3 5 7],[1 75 79 131 189 2041],[1 259 387 2603 2659 12097 14727]};
rpag_solution_hl_fpga('MIRZAEI10_20')={[1 3 5 7 15],[1 43 515 1915 2553],[1 3 15 343 687 1031 1203 13405 17873]};
rpag_solution_hl_fpga('MIRZAEI10_28')={[1 5 129],[1 13 41 67 69 4133],[1 37 61 175 297 309 397 469 643 831 2077 2209 4341 4443]};
rpag_solution_hl_fpga('MIRZAEI10_41')={[1 3 5 7],[1 23 27 37 45 71 91 113],[1 15 25 31 33 103 135 147 157 215 217 333 649 675 1211 1463 1977 2245 2841 5779 19057]};
rpag_solution_hl_fpga('MIRZAEI10_61')={[1 5 7 15 127],[1 3 9 31 95 167 967 1151],[1 83 91 97 135 149 155 165 171 193 217 225 417 573 575 637 655 663 679 763 817 823 903 975 1055 1091 1149 1161 1337 3075 9207]};
rpag_solution_hl_fpga('MIRZAEI10_119')={[3 5 15 257],[1 3 9 27 35 43 45 53 77 175 197 2041],[1 3 5 7 9 27 31 37 39 43 55 61 77 91 93 95 99 109 133 163 165 171 173 177 219 221 223 265 271 287 305 337 359 363 369 467 613 621 675 693 763 867 1021 1045 1109 1323 1577 1589 2253 2297 2761 3125 3357 18355]};
rpag_solution_hl_fpga('MIRZAEI10_151')={[1 3 5 7 9],[1 15 41 49 51 187 201 315 453],[1 5 21 23 25 27 41 47 49 79 81 97 105 109 113 119 121 127 137 139 163 169 173 179 181 195 197 199 201 205 211 215 217 265 285 291 323 327 331 333 343 347 351 355 361 369 377 383 397 407 413 423 427 433 479 535 595 643 723 735 747 805 843 855 1063 1111 1261 1271 1795 1797 4081]};
 
best FPGA ll solutions:
rpag_solution_ll_fpga('MIRZAEI10_6')={[1 5 31 63],[1 473 2011],[1 7567 10203]};
rpag_solution_ll_fpga('MIRZAEI10_10')={[1 3 127],[99 129 253 507],[1 505 6589 7859 12801]};
rpag_solution_ll_fpga('MIRZAEI10_13')={[1 3 5 7],[1 75 79 131 189 2041],[1 259 387 2603 2659 12097 14727]};
rpag_solution_ll_fpga('MIRZAEI10_20')={[1 3 5 7 15],[1 43 515 1915 2553],[1 3 15 343 687 1031 1203 13405 17873]};
rpag_solution_ll_fpga('MIRZAEI10_28')={[1 5 129],[1 13 41 67 69 4133],[1 37 61 175 297 309 397 469 643 831 2077 2209 4341 4443]};
rpag_solution_ll_fpga('MIRZAEI10_41')={[1 3 5 7],[1 23 27 37 45 71 91 113],[1 15 25 31 33 103 135 147 157 215 217 333 649 675 1211 1463 1977 2245 2841 5779 19057]};
rpag_solution_ll_fpga('MIRZAEI10_61')={[1 5 7 15 127],[1 3 9 31 95 167 967 1151],[1 83 91 97 135 149 155 165 171 193 217 225 417 573 575 637 655 663 679 763 817 823 903 975 1055 1091 1149 1161 1337 3075 9207]};
rpag_solution_ll_fpga('MIRZAEI10_119')={[3 5 15 257],[1 3 9 27 35 43 45 53 77 175 197 2041],[1 3 5 7 9 27 31 37 39 43 55 61 77 91 93 95 99 109 133 163 165 171 173 177 219 221 223 265 271 287 305 337 359 363 369 467 613 621 675 693 763 867 1021 1045 1109 1323 1577 1589 2253 2297 2761 3125 3357 18355]};
rpag_solution_ll_fpga('MIRZAEI10_151')={[1 3 5 7 9],[1 15 41 49 51 187 201 315 453],[1 5 21 23 25 27 41 47 49 79 81 97 105 109 113 119 121 127 137 139 163 169 173 179 181 195 197 199 201 205 211 215 217 265 285 291 323 327 331 333 343 347 351 355 361 369 377 383 397 407 413 423 427 433 479 535 595 643 723 735 747 805 843 855 1063 1111 1261 1271 1795 1797 4081]};
 
best FPGA hl results:
  1 & MIRZAEI10_6          &   7 &   3 &  10 & 181 & 5.00\\
  2 & MIRZAEI10_10         &  10 &   2 &  12 & 234 & 12.11\\
  3 & MIRZAEI10_13         &  14 &   3 &  17 & 323 & 40.48\\
  4 & MIRZAEI10_20         &  14 &   5 &  19 & 355 & 69.18\\
  5 & MIRZAEI10_28         &  20 &   3 &  23 & 450 & 195.26\\
  6 & MIRZAEI10_41         &  30 &   3 &  33 & 628 & 510.97\\
  7 & MIRZAEI10_61         &  41 &   3 &  44 & 877 & 1018.14\\
  8 & MIRZAEI10_119        &  61 &   9 &  70 & xxx & 5285.67\\
  9 & MIRZAEI10_151        &  78 &   7 &  85 & xxx & 5373.67\\
 
best FPGA ll results:
  1 & MIRZAEI10_6          &   7 &   3 &  10 & 181 & 5.00\\
  2 & MIRZAEI10_10         &  10 &   2 &  12 & 234 & 12.11\\
  3 & MIRZAEI10_13         &  14 &   3 &  17 & 323 & 40.48\\
  4 & MIRZAEI10_20         &  14 &   5 &  19 & 355 & 69.18\\
  5 & MIRZAEI10_28         &  20 &   3 &  23 & 450 & 195.26\\
  6 & MIRZAEI10_41         &  30 &   3 &  33 & 628 & 510.97\\
  7 & MIRZAEI10_61         &  41 &   3 &  44 & 877 & 1018.14\\
  8 & MIRZAEI10_119        &  61 &   9 &  70 & xxx & 5285.67\\
  9 & MIRZAEI10_151        &  78 &   7 &  85 & xxx & 5373.67\\
>> 